300 1
-766.883564
-799.423930
-639.877702
-405.741067
-110.842525
-18.075959
567.766798
35.965303
-457.554989
-769.362978
174.251318
-966.878183
-668.870048
686.691318
-432.089185
375.894906
-532.437144
322.669045
538.192498
72.578911
-12.429372
-776.097334
-904.934049
667.720122
28.169299
-336.142033
-522.438134
440.466596
-843.336600
-244.164719
-858.870251
-610.220164
-43.588649
-498.747953
-15.961231
845.568826
483.176088
-448.194434
-118.465871
-974.378902
-217.557410
-944.214554
-941.257086
113.572541
742.476764
-373.346271
-510.532554
-789.960380
949.322774
-972.340057
282.618532
-63.106599
-748.437391
377.684483
-395.386478
279.731908
-958.457551
82.175389
-279.801496
-801.794151
838.010671
-138.671747
-412.014314
-205.577979
362.580301
572.024455
-360.009153
-154.243612
-876.169979
521.524976
-128.622514
-93.727389
577.310422
-69.879599
-980.154849
319.787185
556.774131
-490.687403
529.826806
506.096904
-463.027459
-187.554664
-557.009695
-211.464850
-809.870182
47.603827
-931.732942
-768.327732
-870.220784
-211.534438
-570.121882
967.789887
649.793815
17.863804
-237.788093
12.374115
-410.111742
402.202754
858.130503
-286.281720
-76.272271
-270.492011
619.990891
-498.961850
659.628389
639.836042
820.825336
216.402519
-850.851362
350.652141
-277.500577
-313.878821
-836.902522
165.489728
474.656329
-646.772704
-786.906445
542.923387
-415.100435
-657.127228
-668.611052
14.777682
-689.337343
981.182763
-967.358515
72.874564
-6.443123
-377.470256
-524.922683
-148.312620
336.248024
398.805047
581.195368
-43.761086
899.843197
240.823757
-403.925044
720.668533
-542.773724
-254.776406
71.320674
179.725699
431.344774
234.418152
-654.784574
-93.998897
587.645448
-441.691018
-551.075510
-827.454989
-98.818247
-219.686563
187.322693
211.844410
-238.503800
219.964179
-715.281025
755.053078
842.493923
-240.203708
-393.259544
178.741946
-841.398662
-812.064175
-865.019141
-941.555465
428.759582
-268.944185
779.113068
885.985858
476.279410
-149.566259
65.711556
-92.375816
-915.148108
410.926982
813.625286
672.497340
969.235964
-737.450225
845.042352
-129.582284
42.863213
32.365045
-917.737873
804.359413
-747.670777
-633.018899
559.412489
-905.176855
126.777393
-833.847054
273.565092
285.378732
-645.911230
408.545952
343.823268
782.848352
-860.398234
122.936335
668.834209
615.881176
973.370077
-265.454235
-476.494641
-941.778032
-854.527253
-662.869355
730.719308
-885.291289
-400.319580
575.761660
-14.873572
642.543633
-391.873296
67.388555
446.903046
-139.544073
434.369656
6.315534
-44.720927
-438.852952
172.468480
-771.155836
846.525781
526.557251
637.390116
190.349048
309.405602
776.991883
-686.714617
-21.760189
392.873059
-713.344541
712.785576
916.378419
-655.122573
858.258324
-746.490937
-924.403265
972.967035
-146.810516
651.358395
-41.906538
-504.266883
-740.514902
-974.517984
942.636163
119.941025
459.851672
-51.048304
-924.779903
-979.001281
-878.579823
-695.935738
867.524501
647.977427
941.454378
57.873548
-42.616970
718.446260
371.158930
935.622841
111.319319
657.814389
648.408416
27.697737
-997.308184
506.666740
281.206800
-921.711449
479.633774
-865.603717
729.646945
-562.272765
-369.870600
989.132043
-536.790749
-427.234438
109.073067
923.060923
521.717259
184.293164
944.059642
643.137436
488.357426
811.584142
291.114863
429.811803
-130.542310
-751.502109
148.258064
-759.383381
-815.879268
-740.422618
898.431009
832.529149
287.275118
901.122824
339.195888
